54288660 39  9 11  9 16 11 13  6 20 13 12 19  83 137  8
46595406 30 19  6 17 12 17 18 19 16 14 13  9  57 130 10
72453988 19 19 19 10 18 19  6 18 15 20 15 20  94 135  5
68954389 41 19 17 19 13 18 18 19 19 18 15 13  90 132 10
16543210 29  1 10 11 10 15 10 10 20 8  15 10  50  71  0
68954389 39 19 17 19 13 18 11 11 19 13 15 13  90 132 10
67654321 48 20 19 20 19 20 19 19 20 19 20 19  98 138  9
52613503 41 18 14 20 19 12 16 19 19 18 17 10  90 143  7
89585328 38 15 20 19 19 17 12 18 17 13 20 16  82  63  1
85168415 31 16 18 17 11 19 13 17 16 14 18  7  61 140 10
78517086 32 12 13 19  4 20  8 20  9 20 20 14  87 146  6
92649840 17 13 17 19 16  7 20 20 10 14 16 18  54  88  5
73119641 48 11 17 13  6 20 17 19 11 20  7 16  85 114  8
84887310 43 19 17 14  4  4 14 15 17 16 15  6  56 130 10
93576148 47 16 20  3 14 13 15 14 20  7 11 19  81 149  5
92166763 44 18 16 20 18 14 13 18 15 10 18 17  77 100  7
66058384 45 20 12 13  6 19 20  7  3 19 20 16  72 108 10
98199230 22 18 20 12 14 20 19 20 16 13 13 19  49 150  6
96595989 36 20 16 20 14 14  9 20 17 19 10 19  82 104  8
83258721 42 13 11 13 20 18 12 17 20 11 19  6  33  63 10
44169013 44 19 14 12 18 10 12 15 11  8 19 20  71 130  8
66625489 23 17  6 10 19  2 17  3 12 19 12 13  97 128 10
90398220 19 17 19 19 19 15 20 18 17 18 10 20  97  79  9
76759496 13  6  5 17 16 10 11 18 11 11 16  9  91 140 10
75395766 44 11 16 20 11 11 19  4 19 20 17 15  82  77  6
84476553 22 16 17 11 13 19 12 12 16 13 17  6  71 123  4
56924850 46 18 14 13 20  9 18 17 12 18  7 18  73 141  7
98797886 35  7 18 20 16 15  8 17 18  7 10 15  65 120 10
74798952 40 20 20 20 20 19  5 16 13 15  9  9  85  63  9
90438228 27 10  9 15 15  8 19 17 18 19 20 16  32 138  9
95145592  5 11 19 10 14 17 12 17 13 18 18 14  41 111  4
98375746 38 16 18 16 16 17  8  6 16 18 14  6  88  97  9
73347521 43 13  4 13 19 12 13 15 12 14 20 10  89 121  3
10736268 39 14 18 14 17 14 19 19 15 19 20 14  24  97 10
19519568 44 12 17  9 10 12 15 13 14  2 20  9  87 147  5
70548235 32 19 16  9 17 12 20 12 13 17 19 17  75 140  9
35519284 32  9 18 16 20 17 20 16 19 20 11  9  95 129 10
85308844 42 15 20 20 16 13 16 10 15 16 18  7  98  77 10
94444187 49 11 17 15 12 18 10 19 11 17 16 20  93 114  6
74042799 32 19  6 16 20 15 19 17 12 16 19 14  64 131  6
41239604 33 15  4 15 18 12 19 18 18 10 10 16  78 129  2
68068052 43 15 18 17 18 20 16 20 19 20 16 19  91  62  9
83508364 45 18 13 20 11  8 12 16 16 20 17 19  84  62 10
84279006 43 19 10 19 15 14 19 20 15  8 10  8  47 146  6
97987657 49 16 16 10 10 16 15 12  6 16  7 17  92  56  6
87815174 18 20 17 16 18  4 19  9 16 17 13  7  97  59 10
76543210 29  3 10 10 10 15 10 15 10 8  15 10  50  71  0
76543211 19  0 15 10 10 15 18 11 15 10 15 10  60  90  0
00654321 50 20 18 20 19 20 19 19 20 19 20 19  98 138  9
77698342 28 19 18 10  5 20 19 19 11 16 12  8  78  43  2
