00654321  50  20 18 20 19 20 19 19 20 19 20 19 195  98  138   9  490   98  A+
67654321  48  20 19 20 19 20 19 19 20 19 20 19 195  98  138   9  488   98  A+
52613503  41  18 14 20 19 12 16 19 19 18 17 10 172  90  143   7  453   91  A-
68954389  41  19 17 19 13 18 18 19 19 18 15 13 175  90  132  10  448   90  A-
35519284  32   9 18 16 20 17 20 16 19 20 11  9 166  95  129  10  432   86  B 
93576148  47  16 20  3 14 13 15 14 20  7 11 19 149  81  149   5  431   86  B 
68954389  39  19 17 19 13 18 11 11 19 13 15 13 157  90  132  10  428   86  B 
72453988  19  19 19 10 18 19  6 18 15 20 15 20 173  94  135   5  426   85  B 
78517086  32  12 13 19  4 20  8 20  9 20 20 14 155  87  146   6  426   85  B 
56924850  46  18 14 13 20  9 18 17 12 18  7 18 157  73  141   7  424   85  B 
70548235  32  19 16  9 17 12 20 12 13 17 19 17 162  75  140   9  418   84  B 
94444187  49  11 17 15 12 18 10 19 11 17 16 20 156  93  114   6  418   84  B 
19519568  44  12 17  9 10 12 15 13 14  2 20  9 131  87  147   5  414   83  B 
73119641  48  11 17 13  6 20 17 19 11 20  7 16 151  85  114   8  406   81  B-
44169013  44  19 14 12 18 10 12 15 11  8 19 20 150  71  130   8  403   81  B-
85168415  31  16 18 17 11 19 13 17 16 14 18  7 159  61  140  10  401   80  B-
54288660  39   9 11  9 16 11 13  6 20 13 12 19 133  83  137   8  400   80  B-
74042799  32  19  6 16 20 15 19 17 12 16 19 14 167  64  131   6  400   80  B-
96595989  36  20 16 20 14 14  9 20 17 19 10 19 169  82  104   8  399   80  B-
98199230  22  18 20 12 14 20 19 20 16 13 13 19 172  49  150   6  399   80  B-
73347521  43  13  4 13 19 12 13 15 12 14 20 10 141  89  121   3  397   79  C+
92166763  44  18 16 20 18 14 13 18 15 10 18 17 167  77  100   7  395   79  C+
41239604  33  15  4 15 18 12 19 18 18 10 10 16 151  78  129   2  393   79  C+
84279006  43  19 10 19 15 14 19 20 15  8 10  8 149  47  146   6  391   78  C+
68068052  43  15 18 17 18 20 16 20 19 20 16 19 183  91   62   9  388   78  C+
66058384  45  20 12 13  6 19 20  7  3 19 20 16 152  72  108  10  387   77  C 
66625489  23  17  6 10 19  2 17  3 12 19 12 13 128  97  128  10  386   77  C 
85308844  42  15 20 20 16 13 16 10 15 16 18  7 159  98   77  10  386   77  C 
90398220  19  17 19 19 19 15 20 18 17 18 10 20 182  97   79   9  386   77  C 
46595406  30  19  6 17 12 17 18 19 16 14 13  9 154  57  130  10  381   76  C 
76759496  13   6  5 17 16 10 11 18 11 11 16  9 125  91  140  10  379   76  C 
98375746  38  16 18 16 16 17  8  6 16 18 14  6 145  88   97   9  377   75  C 
84887310  43  19 17 14  4  4 14 15 17 16 15  6 137  56  130  10  376   75  C 
98797886  35   7 18 20 16 15  8 17 18  7 10 15 144  65  120  10  374   75  C 
75395766  44  11 16 20 11 11 19  4 19 20 17 15 159  82   77   6  368   74  C 
84476553  22  16 17 11 13 19 12 12 16 13 17  6 146  71  123   4  366   73  C 
90438228  27  10  9 15 15  8 19 17 18 19 20 16 158  32  138   9  364   73  C 
83508364  45  18 13 20 11  8 12 16 16 20 17 19 162  84   62  10  363   73  C 
74798952  40  20 20 20 20 19  5 16 13 15  9  9 161  85   63   9  358   72  C 
89585328  38  15 20 19 19 17 12 18 17 13 20 16 174  82   63   1  358   72  C 
10736268  39  14 18 14 17 14 19 19 15 19 20 14 169  24   97  10  339   68  D+
97987657  49  16 16 10 10 16 15 12  6 16  7 17 135  92   56   6  338   68  D+
87815174  18  20 17 16 18  4 19  9 16 17 13  7 152  97   59  10  336   67  D 
92649840  17  13 17 19 16  7 20 20 10 14 16 18 163  54   88   5  327   65  D 
95145592   5  11 19 10 14 17 12 17 13 18 18 14 153  41  111   4  314   63  D 
77698342  28  19 18 10  5 20 19 19 11 16 12  8 152  78   43   2  303   61  D-
83258721  42  13 11 13 20 18 12 17 20 11 19  6 154  33   63  10  302   60  D-
76543211  19   0 15 10 10 15 18 11 15 10 15 10 129  60   90   0  298   60  D-
16543210  29   1 10 11 10 15 10 10 20  8 15 10 119  50   71   0  269   54  F 
76543210  29   3 10 10 10 15 10 15 10  8 15 10 113  50   71   0  263   53  F 
